Exercitiul 1:

t euler : 0         0.2         0.4         0.6         0.8           1         1.2         1.4         1.6         1.8           2
x euler 0.5           0        0.24     0.50848     0.77677      1.0161      1.2096       1.357      1.4687      1.5573      1.6323
t taylor2 : 0         0.2         0.4         0.6         0.8           1         1.2         1.4         1.6         1.8           2
x taylor2 0.5       0.605     0.72427      0.8479     0.96782       1.079      1.1797      1.2704      1.3525       1.428      1.4982
t taylor4 : 0         0.2         0.4         0.6         0.8           1         1.2         1.4         1.6         1.8           2
x taylor4 0.5     0.60185     0.71877     0.84079     0.95973      1.0704      1.1709      1.2615      1.3438      1.4193      1.4897
t eulermod : 0         0.2         0.4         0.6         0.8           1         1.2         1.4         1.6         1.8           2
x eulermod 0.5     0.65275     0.80493     0.94887      1.0803      1.1979      1.3026       1.396      1.4802      1.5571      1.6283
t heun : 0         0.2         0.4         0.6         0.8           1         1.2         1.4         1.6         1.8           2
x heun 0.5      0.6535     0.80629     0.95058      1.0821      1.1996       1.304      1.3972      1.4812      1.5579      1.6289
t runge kutta : 0         0.2         0.4         0.6         0.8           1         1.2         1.4         1.6         1.8           2
x runge kutta 0.5      0.6532      0.8062     0.95111      1.0834      1.2015      1.3063      1.3996      1.4835      1.5599      1.6306

---------------------------------------------------------
